0.0
0.0
0.0
0.0
0.0
0.0
0.0
0.0
0.0
0.0
0.0
0.0
0.0
0.0
0.0
0.0
0.0
0.0
0.0
0.0
0.0
0.0
0.0003333333333333334
0.0006666666666666668
0.001
0.0023333333333333335
0.003
0.004
0.004
0.005333333333333334
0.006666666666666666
0.009333333333333334
0.012333333333333333
0.013333333333333332
0.017333333333333333
0.019333333333333334
0.025
0.028000000000000004
0.03033333333333333
0.035333333333333335
0.03933333333333333
0.04566666666666667
0.05
0.056333333333333346
0.06266666666666668
0.07266666666666667
0.08066666666666666
0.08866666666666666
0.101
0.11433333333333333
0.12733333333333333
0.13999999999999999
0.14833333333333332
0.16366666666666668
0.17533333333333334
0.18433333333333332
0.196
0.20966666666666667
0.22066666666666665
0.2356666666666667
0.25266666666666665
0.267
0.28733333333333333
0.304
0.31866666666666665
0.33599999999999997
0.35633333333333334
0.372
0.3863333333333333
0.4026666666666666
0.42333333333333334
0.4413333333333333
0.46066666666666667
0.47833333333333333
0.49800000000000005
0.5166666666666667
0.5343333333333333
0.5473333333333333
0.5636666666666668
0.5783333333333334
0.5930000000000001
0.611
0.626
0.6393333333333333
0.6569999999999999
0.6713333333333332
0.6859999999999998
0.7020000000000001
0.716
0.7303333333333335
0.7446666666666666
0.7556666666666666
0.766
0.7786666666666667
0.7866666666666667
0.8003333333333333
0.8086666666666666
0.819
0.829
0.8393333333333333
0.8496666666666668
0.858
0.8686666666666666
0.877
0.8866666666666667
0.8953333333333333
0.9016666666666667
0.9096666666666667
0.9180000000000001
0.9239999999999998
0.9286666666666668
0.9323333333333332
0.9386666666666666
0.9413333333333332
0.9436666666666665
0.9463333333333332
0.9516666666666668
0.9553333333333333
0.9573333333333333
0.9596666666666666
0.9620000000000001
0.9656666666666668
0.968
0.9706666666666667
0.9726666666666667
0.9750000000000002
0.9756666666666668
0.9776666666666667
0.9793333333333333
0.9806666666666667
0.9826666666666666
0.984
0.9853333333333334
0.9873333333333332
0.9879999999999998
0.9886666666666665
0.9903333333333334
0.991
0.9916666666666666
0.9916666666666666
0.9916666666666666
0.9916666666666666
0.992
0.9923333333333332
0.993
0.993
0.9940000000000001
0.9946666666666667
0.9946666666666667
0.9950000000000001
0.9956666666666667
0.9956666666666667
0.9960000000000001
0.9966666666666665
0.9969999999999999
0.9973333333333333
0.9976666666666667
0.9983333333333334
0.9983333333333334
0.999
0.9993333333333332
0.9993333333333332
0.9996666666666666
0.9996666666666666
1.0
1.0
1.0
1.0
1.0
1.0
1.0
1.0
1.0
1.0
1.0
1.0
1.0
1.0
1.0
1.0
1.0
1.0
1.0
1.0
1.0
1.0
1.0
1.0
1.0
1.0
1.0
1.0
1.0
1.0
1.0
1.0
1.0
1.0
1.0
1.0
1.0
1.0
1.0
1.0
1.0
1.0
1.0
1.0
1.0
1.0
1.0
1.0
1.0
1.0
1.0
1.0
1.0
1.0
1.0
1.0
1.0
1.0
1.0
1.0
1.0
1.0
1.0
1.0
1.0
1.0
1.0
1.0
1.0
1.0
1.0
1.0
1.0
1.0
1.0
1.0
1.0
1.0
1.0
1.0
1.0
1.0
1.0
1.0
1.0
1.0
1.0
1.0
1.0
1.0
1.0
1.0
1.0
1.0
1.0
1.0
1.0
1.0
1.0
1.0
1.0
1.0
1.0
1.0
1.0
1.0
1.0
1.0
1.0
1.0
1.0
1.0
1.0
1.0
1.0
1.0
1.0
1.0
1.0
1.0
1.0
1.0
1.0
1.0
1.0
1.0
1.0
1.0
1.0
1.0
1.0
1.0
1.0
1.0
1.0
1.0
1.0
1.0
1.0
1.0
1.0
1.0
1.0
1.0
1.0
1.0
1.0
1.0
1.0
1.0
1.0
1.0
1.0
1.0
1.0
1.0
1.0
1.0
1.0
1.0
1.0
1.0
1.0
1.0
1.0
1.0
1.0
1.0
1.0
1.0
1.0
1.0
1.0
1.0
1.0
1.0
1.0
1.0
1.0
1.0
1.0
1.0
1.0
1.0
1.0
1.0
1.0
1.0
1.0
1.0
1.0
1.0
1.0
1.0
1.0
1.0
1.0
1.0
1.0
1.0
1.0
1.0
1.0
1.0
1.0
1.0
1.0
1.0
1.0
1.0
1.0
1.0
1.0
1.0
1.0
1.0
1.0
1.0
1.0
1.0
1.0
1.0
1.0
1.0
1.0
1.0
1.0
1.0
1.0
1.0
1.0
1.0
1.0
1.0
1.0
1.0
