0.0
0.0
0.0
0.0
0.0
0.0
0.0
0.0
0.0
0.0
0.0003333333333333334
0.0003333333333333334
0.0006666666666666668
0.0006666666666666668
0.0013333333333333335
0.0016666666666666666
0.003333333333333333
0.005
0.006666666666666666
0.010333333333333333
0.013333333333333332
0.015999999999999997
0.021
0.02266666666666667
0.026666666666666665
0.030666666666666665
0.034999999999999996
0.04033333333333334
0.05033333333333334
0.055333333333333345
0.067
0.07500000000000001
0.08333333333333334
0.09266666666666667
0.09966666666666668
0.10933333333333332
0.123
0.13899999999999998
0.15100000000000002
0.16433333333333333
0.178
0.19333333333333333
0.21166666666666661
0.23166666666666663
0.24700000000000003
0.2623333333333333
0.28600000000000003
0.30333333333333334
0.3173333333333333
0.33466666666666667
0.35500000000000004
0.3713333333333334
0.3906666666666666
0.4053333333333334
0.42366666666666664
0.4413333333333333
0.45600000000000007
0.4753333333333334
0.49366666666666664
0.5116666666666667
0.5279999999999999
0.5456666666666667
0.5636666666666666
0.5816666666666668
0.599
0.6159999999999999
0.631
0.6473333333333333
0.6603333333333333
0.6746666666666666
0.6883333333333334
0.7043333333333333
0.72
0.7313333333333334
0.74
0.7526666666666666
0.7649999999999999
0.7776666666666667
0.7876666666666666
0.8026666666666668
0.8113333333333334
0.8219999999999998
0.8313333333333335
0.8446666666666666
0.8543333333333333
0.8629999999999999
0.8703333333333333
0.8806666666666667
0.8873333333333333
0.8939999999999999
0.9006666666666666
0.908
0.9133333333333333
0.9199999999999999
0.925
0.9296666666666669
0.9326666666666668
0.9383333333333332
0.9439999999999997
0.9479999999999998
0.9533333333333334
0.9576666666666667
0.9626666666666667
0.966
0.9686666666666668
0.9706666666666667
0.9726666666666668
0.9756666666666668
0.9780000000000001
0.9806666666666668
0.9816666666666667
0.9823333333333334
0.9846666666666666
0.9856666666666666
0.9863333333333333
0.9866666666666667
0.9873333333333335
0.9876666666666667
0.9893333333333334
0.9906666666666666
0.9906666666666666
0.991
0.992
0.992
0.993
0.994
0.9943333333333333
0.9949999999999999
0.9953333333333333
0.9959999999999999
0.9959999999999999
0.9963333333333333
0.9966666666666665
0.9969999999999999
0.9969999999999999
0.9969999999999999
0.9976666666666667
0.9976666666666667
0.9983333333333333
0.9983333333333333
0.9983333333333333
0.9983333333333333
0.9983333333333333
0.9986666666666666
0.9986666666666666
0.9989999999999999
0.9989999999999999
0.9989999999999999
0.9989999999999999
0.9993333333333332
0.9993333333333332
0.9993333333333332
0.9993333333333332
0.9993333333333332
0.9993333333333332
0.9996666666666666
0.9996666666666666
0.9996666666666666
0.9996666666666666
0.9996666666666666
0.9996666666666666
0.9996666666666666
0.9996666666666666
0.9996666666666666
0.9996666666666666
1.0
1.0
1.0
1.0
1.0
1.0
1.0
1.0
1.0
1.0
1.0
1.0
1.0
1.0
1.0
1.0
1.0
1.0
1.0
1.0
1.0
1.0
1.0
1.0
1.0
1.0
1.0
1.0
1.0
1.0
1.0
1.0
1.0
1.0
1.0
1.0
1.0
1.0
1.0
1.0
1.0
1.0
1.0
1.0
1.0
1.0
1.0
1.0
1.0
1.0
1.0
1.0
1.0
1.0
1.0
1.0
1.0
1.0
1.0
1.0
1.0
1.0
1.0
1.0
1.0
1.0
1.0
1.0
1.0
1.0
1.0
1.0
1.0
1.0
1.0
1.0
1.0
1.0
1.0
1.0
1.0
1.0
1.0
1.0
1.0
1.0
1.0
1.0
1.0
1.0
1.0
1.0
1.0
1.0
1.0
1.0
1.0
1.0
1.0
1.0
1.0
1.0
1.0
1.0
1.0
1.0
1.0
1.0
1.0
1.0
1.0
1.0
1.0
1.0
1.0
1.0
1.0
1.0
1.0
1.0
1.0
1.0
1.0
1.0
1.0
1.0
1.0
1.0
1.0
1.0
1.0
1.0
1.0
1.0
1.0
1.0
1.0
1.0
1.0
1.0
1.0
1.0
1.0
1.0
1.0
1.0
1.0
1.0
1.0
1.0
1.0
1.0
1.0
1.0
1.0
1.0
1.0
1.0
1.0
1.0
1.0
1.0
1.0
1.0
1.0
1.0
1.0
1.0
1.0
1.0
1.0
1.0
1.0
1.0
1.0
1.0
1.0
1.0
1.0
1.0
1.0
1.0
1.0
1.0
1.0
1.0
1.0
1.0
1.0
1.0
1.0
1.0
1.0
1.0
1.0
1.0
1.0
1.0
1.0
1.0
1.0
1.0
1.0
1.0
1.0
1.0
1.0
1.0
1.0
1.0
1.0
1.0
1.0
1.0
1.0
1.0
1.0
1.0
1.0
1.0
1.0
1.0
1.0
1.0
1.0
1.0
1.0
1.0
1.0
1.0
1.0
1.0
1.0
1.0
1.0
